# oST version 5.0 parameters


[image]

width
640

height
480

[camera]

camera matrix
713.303527 0.000000 309.478879
0.000000 718.074904 254.618655
0.000000 0.000000 1.000000

distortion
0.032927 -0.407563 -0.000598 0.000034 0.000000

rectification
1.000000 0.000000 0.000000
0.000000 1.000000 0.000000
0.000000 0.000000 1.000000

projection
704.586609 0.000000 308.386306 0.000000
0.000000 715.492493 254.137405 0.000000
0.000000 0.000000 1.000000 0.000000
